# Blender 3.5.0
# www.blender.org
mtllib aimlab_box.mtl
o Cube
v 5.563780 0.109105 2.717941
v 5.563952 0.060473 2.718051
v 5.577077 0.096809 -2.746120
v 5.577250 0.048178 -2.746010
v -5.642957 0.069274 2.690760
v -5.642784 0.020642 2.690869
v -5.629660 0.056979 -2.773302
v -5.629487 0.008347 -2.773192
vn -0.0035 1.0000 -0.0023
vn 0.0024 -0.0023 -1.0000
vn -1.0000 -0.0036 -0.0024
vn 0.0035 -1.0000 0.0023
vn 1.0000 0.0036 0.0024
vn -0.0024 0.0023 1.0000
vt 0.625000 0.500000
vt 0.375000 0.500000
vt 0.625000 0.750000
vt 0.375000 0.750000
vt 0.875000 0.500000
vt 0.625000 0.250000
vt 0.125000 0.500000
vt 0.375000 0.250000
vt 0.875000 0.750000
vt 0.625000 1.000000
vt 0.625000 0.000000
vt 0.375000 1.000000
vt 0.375000 0.000000
vt 0.125000 0.750000
s 0
usemtl Material
f 1/1/1 3/3/1 7/9/1 5/5/1
f 4/4/2 8/12/2 7/10/2 3/3/2
f 8/13/3 6/8/3 5/6/3 7/11/3
f 6/7/4 8/14/4 4/4/4 2/2/4
f 2/2/5 4/4/5 3/3/5 1/1/5
f 6/8/6 2/2/6 1/1/6 5/6/6
o Cube.001
v 5.568936 2.774745 2.740992
v 5.568729 2.774745 2.789623
v 5.575527 0.046611 2.740978
v 5.575320 0.046610 2.789609
v -5.637745 2.747672 2.693358
v -5.637952 2.747671 2.741990
v -5.631155 0.019538 2.693344
v -5.631361 0.019537 2.741976
vn 0.0043 -0.0000 -1.0000
vn 0.0024 -1.0000 -0.0000
vn -1.0000 -0.0024 -0.0043
vn -0.0043 -0.0000 1.0000
vn 1.0000 0.0024 0.0043
vn -0.0024 1.0000 -0.0000
vt 0.625000 0.500000
vt 0.375000 0.500000
vt 0.625000 0.750000
vt 0.375000 0.750000
vt 0.875000 0.500000
vt 0.625000 0.250000
vt 0.125000 0.500000
vt 0.375000 0.250000
vt 0.875000 0.750000
vt 0.625000 1.000000
vt 0.625000 0.000000
vt 0.375000 1.000000
vt 0.375000 0.000000
vt 0.125000 0.750000
s 0
usemtl Material.001
f 9/15/7 11/17/7 15/23/7 13/19/7
f 12/18/8 16/26/8 15/24/8 11/17/8
f 16/27/9 14/22/9 13/20/9 15/25/9
f 14/21/10 16/28/10 12/18/10 10/16/10
f 10/16/11 12/18/11 11/17/11 9/15/11
f 14/22/12 10/16/12 9/15/12 13/20/12
o Cube.002
v 5.553035 2.746430 -2.804075
v 5.504408 2.745881 -2.804207
v 5.583585 0.039666 -2.797583
v 5.534958 0.039117 -2.797715
v 5.537849 2.759547 2.735974
v 5.489223 2.758998 2.735842
v 5.568399 0.052783 2.742466
v 5.519772 0.052234 2.742334
vn 0.9999 0.0113 0.0027
vn 0.0113 -0.9999 0.0024
vn -0.0027 0.0024 1.0000
vn -0.9999 -0.0113 -0.0027
vn 0.0027 -0.0024 -1.0000
vn -0.0113 0.9999 -0.0024
vt 0.625000 0.500000
vt 0.375000 0.500000
vt 0.625000 0.750000
vt 0.375000 0.750000
vt 0.875000 0.500000
vt 0.625000 0.250000
vt 0.125000 0.500000
vt 0.375000 0.250000
vt 0.875000 0.750000
vt 0.625000 1.000000
vt 0.625000 0.000000
vt 0.375000 1.000000
vt 0.375000 0.000000
vt 0.125000 0.750000
s 0
usemtl Material.002
f 17/29/13 21/33/13 23/37/13 19/31/13
f 20/32/14 19/31/14 23/38/14 24/40/14
f 24/41/15 23/39/15 21/34/15 22/36/15
f 22/35/16 18/30/16 20/32/16 24/42/16
f 18/30/17 17/29/17 19/31/17 20/32/17
f 22/36/18 21/34/18 17/29/18 18/30/18
o Cube.003
v -5.640312 2.746430 -2.804075
v -5.688939 2.745881 -2.804207
v -5.609762 0.039666 -2.797583
v -5.658389 0.039117 -2.797715
v -5.655498 2.759547 2.735974
v -5.704124 2.758998 2.735842
v -5.624948 0.052783 2.742466
v -5.673575 0.052234 2.742334
vn 0.9999 0.0113 0.0027
vn 0.0113 -0.9999 0.0024
vn -0.0027 0.0024 1.0000
vn -0.9999 -0.0113 -0.0027
vn 0.0027 -0.0024 -1.0000
vn -0.0113 0.9999 -0.0024
vt 0.625000 0.500000
vt 0.375000 0.500000
vt 0.625000 0.750000
vt 0.375000 0.750000
vt 0.875000 0.500000
vt 0.625000 0.250000
vt 0.125000 0.500000
vt 0.375000 0.250000
vt 0.875000 0.750000
vt 0.625000 1.000000
vt 0.625000 0.000000
vt 0.375000 1.000000
vt 0.375000 0.000000
vt 0.125000 0.750000
s 0
usemtl Material.003
f 25/43/19 29/47/19 31/51/19 27/45/19
f 28/46/20 27/45/20 31/52/20 32/54/20
f 32/55/21 31/53/21 29/48/21 30/50/21
f 30/49/22 26/44/22 28/46/22 32/56/22
f 26/44/23 25/43/23 27/45/23 28/46/23
f 30/50/24 29/48/24 25/43/24 26/44/24
